0 25
10  367
46  2500
65  7520
86  11168
99  15510
125 21940
145 29669
180 44287
263 59814
382 89921
816 134503
1154  162380
1799  182166
2185  209438
2837  254206
3205  277607
3486  296471
3917  318925
4108  343298
4525  378223
4735  399232
4999  414945
5712  441661
6071  482300
6260  503536
6770  525060
7826  622482
8768
9596
10582
12799
13554
14142
14711
15174
15292
16226
16455
16713
16813
16931
17483
17700
17798
17853
17919
18001
18036
18097
18114
18138
18156
18172
18239
18311
18366
18398
18449